(kicad_pcb (version 20171130) (host pcbnew "(5.1.7)-1")

  (general
    (thickness 1.6)
    (drawings 4)
    (tracks 0)
    (zones 0)
    (modules 11)
    (nets 31)
  )

  (page A4)
  (layers
    (0 F.Cu signal)
    (31 B.Cu signal)
    (32 B.Adhes user)
    (33 F.Adhes user)
    (34 B.Paste user)
    (35 F.Paste user)
    (36 B.SilkS user)
    (37 F.SilkS user)
    (38 B.Mask user)
    (39 F.Mask user)
    (40 Dwgs.User user)
    (41 Cmts.User user)
    (42 Eco1.User user)
    (43 Eco2.User user)
    (44 Edge.Cuts user)
    (45 Margin user)
    (46 B.CrtYd user)
    (47 F.CrtYd user)
    (48 B.Fab user)
    (49 F.Fab user)
  )

  (setup
    (last_trace_width 0.25)
    (trace_clearance 0.2)
    (zone_clearance 0.508)
    (zone_45_only no)
    (trace_min 0.2)
    (via_size 0.8)
    (via_drill 0.4)
    (via_min_size 0.4)
    (via_min_drill 0.3)
    (uvia_size 0.3)
    (uvia_drill 0.1)
    (uvias_allowed no)
    (uvia_min_size 0.2)
    (uvia_min_drill 0.1)
    (edge_width 0.05)
    (segment_width 0.2)
    (pcb_text_width 0.3)
    (pcb_text_size 1.5 1.5)
    (mod_edge_width 0.12)
    (mod_text_size 1 1)
    (mod_text_width 0.15)
    (pad_size 1.524 1.524)
    (pad_drill 0.762)
    (pad_to_mask_clearance 0)
    (aux_axis_origin 0 0)
    (visible_elements FFFFFF7F)
    (pcbplotparams
      (layerselection 0x010fc_ffffffff)
      (usegerberextensions false)
      (usegerberattributes true)
      (usegerberadvancedattributes true)
      (creategerberjobfile true)
      (excludeedgelayer true)
      (linewidth 0.100000)
      (plotframeref false)
      (viasonmask false)
      (mode 1)
      (useauxorigin false)
      (hpglpennumber 1)
      (hpglpenspeed 20)
      (hpglpendiameter 15.000000)
      (psnegative false)
      (psa4output false)
      (plotreference true)
      (plotvalue true)
      (plotinvisibletext false)
      (padsonsilk false)
      (subtractmaskfromsilk false)
      (outputformat 1)
      (mirror false)
      (drillshape 1)
      (scaleselection 1)
      (outputdirectory ""))
  )

  (net 0 "")
  (net 1 VIN)
  (net 2 GND)
  (net 3 USENS1)
  (net 4 USENS2)
  (net 5 DIN1)
  (net 6 DIN2)
  (net 7 DOUT4)
  (net 8 DOUT3)
  (net 9 DOUT2)
  (net 10 DOUT1)
  (net 11 BZZOUT2)
  (net 12 "Net-(J5-Pad12)")
  (net 13 "Net-(J5-Pad8)")
  (net 14 "Net-(J5-Pad7)")
  (net 15 EN2)
  (net 16 TXD2)
  (net 17 RXD2)
  (net 18 RXD1)
  (net 19 TXD1)
  (net 20 EN1)
  (net 21 CANLO)
  (net 22 CANHI)
  (net 23 CANTERM)
  (net 24 BZZOUT1)
  (net 25 "Net-(J7-Pad6)")
  (net 26 "Net-(J7-Pad5)")
  (net 27 "Net-(J9-Pad6)")
  (net 28 "Net-(J10-Pad5)")
  (net 29 "Net-(J10-Pad6)")
  (net 30 "Net-(J11-Pad6)")

  (net_class Default "This is the default net class."
    (clearance 0.2)
    (trace_width 0.25)
    (via_dia 0.8)
    (via_drill 0.4)
    (uvia_dia 0.3)
    (uvia_drill 0.1)
    (add_net BZZOUT1)
    (add_net BZZOUT2)
    (add_net CANHI)
    (add_net CANLO)
    (add_net CANTERM)
    (add_net DIN1)
    (add_net DIN2)
    (add_net DOUT1)
    (add_net DOUT2)
    (add_net DOUT3)
    (add_net DOUT4)
    (add_net EN1)
    (add_net EN2)
    (add_net GND)
    (add_net "Net-(J10-Pad5)")
    (add_net "Net-(J10-Pad6)")
    (add_net "Net-(J11-Pad6)")
    (add_net "Net-(J5-Pad12)")
    (add_net "Net-(J5-Pad7)")
    (add_net "Net-(J5-Pad8)")
    (add_net "Net-(J7-Pad5)")
    (add_net "Net-(J7-Pad6)")
    (add_net "Net-(J9-Pad6)")
    (add_net RXD1)
    (add_net RXD2)
    (add_net TXD1)
    (add_net TXD2)
    (add_net USENS1)
    (add_net USENS2)
    (add_net VIN)
  )

  (module TerminalBlock_TE-Connectivity:TerminalBlock_TE_282834-2_1x02_P2.54mm_Horizontal (layer F.Cu) (tedit 5B1EC513) (tstamp 60248123)
    (at 217.25 35.75)
    (descr "Terminal Block TE 282834-2, 2 pins, pitch 2.54mm, size 5.54x6.5mm^2, drill diamater 1.1mm, pad diameter 2.1mm, see http://www.te.com/commerce/DocumentDelivery/DDEController?Action=showdoc&DocId=Customer+Drawing%7F282834%7FC1%7Fpdf%7FEnglish%7FENG_CD_282834_C1.pdf, script-generated using https://github.com/pointhi/kicad-footprint-generator/scripts/TerminalBlock_TE-Connectivity")
    (tags "THT Terminal Block TE 282834-2 pitch 2.54mm size 5.54x6.5mm^2 drill 1.1mm pad 2.1mm")
    (path /601581C2)
    (fp_text reference J1 (at 1.27 -4.37) (layer F.SilkS)
      (effects (font (size 1 1) (thickness 0.15)))
    )
    (fp_text value Screw_Terminal_01x02 (at 1.27 4.37) (layer F.Fab)
      (effects (font (size 1 1) (thickness 0.15)))
    )
    (fp_line (start 4.54 -3.75) (end -2 -3.75) (layer F.CrtYd) (width 0.05))
    (fp_line (start 4.54 3.75) (end 4.54 -3.75) (layer F.CrtYd) (width 0.05))
    (fp_line (start -2 3.75) (end 4.54 3.75) (layer F.CrtYd) (width 0.05))
    (fp_line (start -2 -3.75) (end -2 3.75) (layer F.CrtYd) (width 0.05))
    (fp_line (start -1.86 3.61) (end -1.46 3.61) (layer F.SilkS) (width 0.12))
    (fp_line (start -1.86 2.97) (end -1.86 3.61) (layer F.SilkS) (width 0.12))
    (fp_line (start 3.241 -0.835) (end 1.706 0.7) (layer F.Fab) (width 0.1))
    (fp_line (start 3.375 -0.7) (end 1.84 0.835) (layer F.Fab) (width 0.1))
    (fp_line (start 0.701 -0.835) (end -0.835 0.7) (layer F.Fab) (width 0.1))
    (fp_line (start 0.835 -0.7) (end -0.701 0.835) (layer F.Fab) (width 0.1))
    (fp_line (start 4.16 -3.37) (end 4.16 3.37) (layer F.SilkS) (width 0.12))
    (fp_line (start -1.62 -3.37) (end -1.62 3.37) (layer F.SilkS) (width 0.12))
    (fp_line (start -1.62 3.37) (end 4.16 3.37) (layer F.SilkS) (width 0.12))
    (fp_line (start -1.62 -3.37) (end 4.16 -3.37) (layer F.SilkS) (width 0.12))
    (fp_line (start -1.62 -2.25) (end 4.16 -2.25) (layer F.SilkS) (width 0.12))
    (fp_line (start -1.5 -2.25) (end 4.04 -2.25) (layer F.Fab) (width 0.1))
    (fp_line (start -1.62 2.85) (end 4.16 2.85) (layer F.SilkS) (width 0.12))
    (fp_line (start -1.5 2.85) (end 4.04 2.85) (layer F.Fab) (width 0.1))
    (fp_line (start -1.5 2.85) (end -1.5 -3.25) (layer F.Fab) (width 0.1))
    (fp_line (start -1.1 3.25) (end -1.5 2.85) (layer F.Fab) (width 0.1))
    (fp_line (start 4.04 3.25) (end -1.1 3.25) (layer F.Fab) (width 0.1))
    (fp_line (start 4.04 -3.25) (end 4.04 3.25) (layer F.Fab) (width 0.1))
    (fp_line (start -1.5 -3.25) (end 4.04 -3.25) (layer F.Fab) (width 0.1))
    (fp_circle (center 2.54 0) (end 3.64 0) (layer F.Fab) (width 0.1))
    (fp_circle (center 0 0) (end 1.1 0) (layer F.Fab) (width 0.1))
    (fp_text user %R (at 1.27 2) (layer F.Fab)
      (effects (font (size 1 1) (thickness 0.15)))
    )
    (pad 1 thru_hole rect (at 0 0) (size 2.1 2.1) (drill 1.1) (layers *.Cu *.Mask)
      (net 1 VIN))
    (pad 2 thru_hole circle (at 2.54 0) (size 2.1 2.1) (drill 1.1) (layers *.Cu *.Mask)
      (net 2 GND))
    (model ${KISYS3DMOD}/TerminalBlock_TE-Connectivity.3dshapes/TerminalBlock_TE_282834-2_1x02_P2.54mm_Horizontal.wrl
      (at (xyz 0 0 0))
      (scale (xyz 1 1 1))
      (rotate (xyz 0 0 0))
    )
  )

  (module TerminalBlock_TE-Connectivity:TerminalBlock_TE_282834-6_1x06_P2.54mm_Horizontal (layer F.Cu) (tedit 5B1EC513) (tstamp 60248153)
    (at 230.025001 124.935001)
    (descr "Terminal Block TE 282834-6, 6 pins, pitch 2.54mm, size 15.7x6.5mm^2, drill diamater 1.1mm, pad diameter 2.1mm, see http://www.te.com/commerce/DocumentDelivery/DDEController?Action=showdoc&DocId=Customer+Drawing%7F282834%7FC1%7Fpdf%7FEnglish%7FENG_CD_282834_C1.pdf, script-generated using https://github.com/pointhi/kicad-footprint-generator/scripts/TerminalBlock_TE-Connectivity")
    (tags "THT Terminal Block TE 282834-6 pitch 2.54mm size 15.7x6.5mm^2 drill 1.1mm pad 2.1mm")
    (path /6017BCBD)
    (fp_text reference J3 (at 6.35 -4.37) (layer F.SilkS)
      (effects (font (size 1 1) (thickness 0.15)))
    )
    (fp_text value Screw_Terminal_01x06 (at 6.35 4.37) (layer F.Fab)
      (effects (font (size 1 1) (thickness 0.15)))
    )
    (fp_line (start 14.7 -3.75) (end -2 -3.75) (layer F.CrtYd) (width 0.05))
    (fp_line (start 14.7 3.75) (end 14.7 -3.75) (layer F.CrtYd) (width 0.05))
    (fp_line (start -2 3.75) (end 14.7 3.75) (layer F.CrtYd) (width 0.05))
    (fp_line (start -2 -3.75) (end -2 3.75) (layer F.CrtYd) (width 0.05))
    (fp_line (start -1.86 3.61) (end -1.46 3.61) (layer F.SilkS) (width 0.12))
    (fp_line (start -1.86 2.97) (end -1.86 3.61) (layer F.SilkS) (width 0.12))
    (fp_line (start 13.401 -0.835) (end 11.866 0.7) (layer F.Fab) (width 0.1))
    (fp_line (start 13.535 -0.7) (end 12 0.835) (layer F.Fab) (width 0.1))
    (fp_line (start 10.861 -0.835) (end 9.326 0.7) (layer F.Fab) (width 0.1))
    (fp_line (start 10.995 -0.7) (end 9.46 0.835) (layer F.Fab) (width 0.1))
    (fp_line (start 8.321 -0.835) (end 6.786 0.7) (layer F.Fab) (width 0.1))
    (fp_line (start 8.455 -0.7) (end 6.92 0.835) (layer F.Fab) (width 0.1))
    (fp_line (start 5.781 -0.835) (end 4.246 0.7) (layer F.Fab) (width 0.1))
    (fp_line (start 5.915 -0.7) (end 4.38 0.835) (layer F.Fab) (width 0.1))
    (fp_line (start 3.241 -0.835) (end 1.706 0.7) (layer F.Fab) (width 0.1))
    (fp_line (start 3.375 -0.7) (end 1.84 0.835) (layer F.Fab) (width 0.1))
    (fp_line (start 0.701 -0.835) (end -0.835 0.7) (layer F.Fab) (width 0.1))
    (fp_line (start 0.835 -0.7) (end -0.701 0.835) (layer F.Fab) (width 0.1))
    (fp_line (start 14.32 -3.37) (end 14.32 3.37) (layer F.SilkS) (width 0.12))
    (fp_line (start -1.62 -3.37) (end -1.62 3.37) (layer F.SilkS) (width 0.12))
    (fp_line (start -1.62 3.37) (end 14.32 3.37) (layer F.SilkS) (width 0.12))
    (fp_line (start -1.62 -3.37) (end 14.32 -3.37) (layer F.SilkS) (width 0.12))
    (fp_line (start -1.62 -2.25) (end 14.32 -2.25) (layer F.SilkS) (width 0.12))
    (fp_line (start -1.5 -2.25) (end 14.2 -2.25) (layer F.Fab) (width 0.1))
    (fp_line (start -1.62 2.85) (end 14.32 2.85) (layer F.SilkS) (width 0.12))
    (fp_line (start -1.5 2.85) (end 14.2 2.85) (layer F.Fab) (width 0.1))
    (fp_line (start -1.5 2.85) (end -1.5 -3.25) (layer F.Fab) (width 0.1))
    (fp_line (start -1.1 3.25) (end -1.5 2.85) (layer F.Fab) (width 0.1))
    (fp_line (start 14.2 3.25) (end -1.1 3.25) (layer F.Fab) (width 0.1))
    (fp_line (start 14.2 -3.25) (end 14.2 3.25) (layer F.Fab) (width 0.1))
    (fp_line (start -1.5 -3.25) (end 14.2 -3.25) (layer F.Fab) (width 0.1))
    (fp_circle (center 12.7 0) (end 13.8 0) (layer F.Fab) (width 0.1))
    (fp_circle (center 10.16 0) (end 11.26 0) (layer F.Fab) (width 0.1))
    (fp_circle (center 7.62 0) (end 8.72 0) (layer F.Fab) (width 0.1))
    (fp_circle (center 5.08 0) (end 6.18 0) (layer F.Fab) (width 0.1))
    (fp_circle (center 2.54 0) (end 3.64 0) (layer F.Fab) (width 0.1))
    (fp_circle (center 0 0) (end 1.1 0) (layer F.Fab) (width 0.1))
    (fp_text user %R (at 6.35 2) (layer F.Fab)
      (effects (font (size 1 1) (thickness 0.15)))
    )
    (pad 1 thru_hole rect (at 0 0) (size 2.1 2.1) (drill 1.1) (layers *.Cu *.Mask)
      (net 1 VIN))
    (pad 2 thru_hole circle (at 2.54 0) (size 2.1 2.1) (drill 1.1) (layers *.Cu *.Mask)
      (net 3 USENS1))
    (pad 3 thru_hole circle (at 5.08 0) (size 2.1 2.1) (drill 1.1) (layers *.Cu *.Mask)
      (net 4 USENS2))
    (pad 4 thru_hole circle (at 7.62 0) (size 2.1 2.1) (drill 1.1) (layers *.Cu *.Mask)
      (net 5 DIN1))
    (pad 5 thru_hole circle (at 10.16 0) (size 2.1 2.1) (drill 1.1) (layers *.Cu *.Mask)
      (net 6 DIN2))
    (pad 6 thru_hole circle (at 12.7 0) (size 2.1 2.1) (drill 1.1) (layers *.Cu *.Mask)
      (net 2 GND))
    (model ${KISYS3DMOD}/TerminalBlock_TE-Connectivity.3dshapes/TerminalBlock_TE_282834-6_1x06_P2.54mm_Horizontal.wrl
      (at (xyz 0 0 0))
      (scale (xyz 1 1 1))
      (rotate (xyz 0 0 0))
    )
  )

  (module TerminalBlock_TE-Connectivity:TerminalBlock_TE_282834-6_1x06_P2.54mm_Horizontal (layer F.Cu) (tedit 5B1EC513) (tstamp 60248183)
    (at 249.525001 101.235001)
    (descr "Terminal Block TE 282834-6, 6 pins, pitch 2.54mm, size 15.7x6.5mm^2, drill diamater 1.1mm, pad diameter 2.1mm, see http://www.te.com/commerce/DocumentDelivery/DDEController?Action=showdoc&DocId=Customer+Drawing%7F282834%7FC1%7Fpdf%7FEnglish%7FENG_CD_282834_C1.pdf, script-generated using https://github.com/pointhi/kicad-footprint-generator/scripts/TerminalBlock_TE-Connectivity")
    (tags "THT Terminal Block TE 282834-6 pitch 2.54mm size 15.7x6.5mm^2 drill 1.1mm pad 2.1mm")
    (path /6017CC42)
    (fp_text reference J4 (at 6.35 -4.37) (layer F.SilkS)
      (effects (font (size 1 1) (thickness 0.15)))
    )
    (fp_text value Screw_Terminal_01x06 (at 6.35 4.37) (layer F.Fab)
      (effects (font (size 1 1) (thickness 0.15)))
    )
    (fp_text user %R (at 6.35 2) (layer F.Fab)
      (effects (font (size 1 1) (thickness 0.15)))
    )
    (fp_circle (center 0 0) (end 1.1 0) (layer F.Fab) (width 0.1))
    (fp_circle (center 2.54 0) (end 3.64 0) (layer F.Fab) (width 0.1))
    (fp_circle (center 5.08 0) (end 6.18 0) (layer F.Fab) (width 0.1))
    (fp_circle (center 7.62 0) (end 8.72 0) (layer F.Fab) (width 0.1))
    (fp_circle (center 10.16 0) (end 11.26 0) (layer F.Fab) (width 0.1))
    (fp_circle (center 12.7 0) (end 13.8 0) (layer F.Fab) (width 0.1))
    (fp_line (start -1.5 -3.25) (end 14.2 -3.25) (layer F.Fab) (width 0.1))
    (fp_line (start 14.2 -3.25) (end 14.2 3.25) (layer F.Fab) (width 0.1))
    (fp_line (start 14.2 3.25) (end -1.1 3.25) (layer F.Fab) (width 0.1))
    (fp_line (start -1.1 3.25) (end -1.5 2.85) (layer F.Fab) (width 0.1))
    (fp_line (start -1.5 2.85) (end -1.5 -3.25) (layer F.Fab) (width 0.1))
    (fp_line (start -1.5 2.85) (end 14.2 2.85) (layer F.Fab) (width 0.1))
    (fp_line (start -1.62 2.85) (end 14.32 2.85) (layer F.SilkS) (width 0.12))
    (fp_line (start -1.5 -2.25) (end 14.2 -2.25) (layer F.Fab) (width 0.1))
    (fp_line (start -1.62 -2.25) (end 14.32 -2.25) (layer F.SilkS) (width 0.12))
    (fp_line (start -1.62 -3.37) (end 14.32 -3.37) (layer F.SilkS) (width 0.12))
    (fp_line (start -1.62 3.37) (end 14.32 3.37) (layer F.SilkS) (width 0.12))
    (fp_line (start -1.62 -3.37) (end -1.62 3.37) (layer F.SilkS) (width 0.12))
    (fp_line (start 14.32 -3.37) (end 14.32 3.37) (layer F.SilkS) (width 0.12))
    (fp_line (start 0.835 -0.7) (end -0.701 0.835) (layer F.Fab) (width 0.1))
    (fp_line (start 0.701 -0.835) (end -0.835 0.7) (layer F.Fab) (width 0.1))
    (fp_line (start 3.375 -0.7) (end 1.84 0.835) (layer F.Fab) (width 0.1))
    (fp_line (start 3.241 -0.835) (end 1.706 0.7) (layer F.Fab) (width 0.1))
    (fp_line (start 5.915 -0.7) (end 4.38 0.835) (layer F.Fab) (width 0.1))
    (fp_line (start 5.781 -0.835) (end 4.246 0.7) (layer F.Fab) (width 0.1))
    (fp_line (start 8.455 -0.7) (end 6.92 0.835) (layer F.Fab) (width 0.1))
    (fp_line (start 8.321 -0.835) (end 6.786 0.7) (layer F.Fab) (width 0.1))
    (fp_line (start 10.995 -0.7) (end 9.46 0.835) (layer F.Fab) (width 0.1))
    (fp_line (start 10.861 -0.835) (end 9.326 0.7) (layer F.Fab) (width 0.1))
    (fp_line (start 13.535 -0.7) (end 12 0.835) (layer F.Fab) (width 0.1))
    (fp_line (start 13.401 -0.835) (end 11.866 0.7) (layer F.Fab) (width 0.1))
    (fp_line (start -1.86 2.97) (end -1.86 3.61) (layer F.SilkS) (width 0.12))
    (fp_line (start -1.86 3.61) (end -1.46 3.61) (layer F.SilkS) (width 0.12))
    (fp_line (start -2 -3.75) (end -2 3.75) (layer F.CrtYd) (width 0.05))
    (fp_line (start -2 3.75) (end 14.7 3.75) (layer F.CrtYd) (width 0.05))
    (fp_line (start 14.7 3.75) (end 14.7 -3.75) (layer F.CrtYd) (width 0.05))
    (fp_line (start 14.7 -3.75) (end -2 -3.75) (layer F.CrtYd) (width 0.05))
    (pad 6 thru_hole circle (at 12.7 0) (size 2.1 2.1) (drill 1.1) (layers *.Cu *.Mask)
      (net 2 GND))
    (pad 5 thru_hole circle (at 10.16 0) (size 2.1 2.1) (drill 1.1) (layers *.Cu *.Mask)
      (net 7 DOUT4))
    (pad 4 thru_hole circle (at 7.62 0) (size 2.1 2.1) (drill 1.1) (layers *.Cu *.Mask)
      (net 8 DOUT3))
    (pad 3 thru_hole circle (at 5.08 0) (size 2.1 2.1) (drill 1.1) (layers *.Cu *.Mask)
      (net 9 DOUT2))
    (pad 2 thru_hole circle (at 2.54 0) (size 2.1 2.1) (drill 1.1) (layers *.Cu *.Mask)
      (net 10 DOUT1))
    (pad 1 thru_hole rect (at 0 0) (size 2.1 2.1) (drill 1.1) (layers *.Cu *.Mask)
      (net 1 VIN))
    (model ${KISYS3DMOD}/TerminalBlock_TE-Connectivity.3dshapes/TerminalBlock_TE_282834-6_1x06_P2.54mm_Horizontal.wrl
      (at (xyz 0 0 0))
      (scale (xyz 1 1 1))
      (rotate (xyz 0 0 0))
    )
  )

  (module 180015213R911 (layer B.Cu) (tedit 0) (tstamp 602481AB)
    (at 150 100 180)
    (descr 180-015-213R911-1)
    (tags Connector)
    (path /6025E200)
    (fp_text reference J5 (at -4.318 -1.666) (layer B.SilkS)
      (effects (font (size 1.27 1.27) (thickness 0.254)) (justify mirror))
    )
    (fp_text value 180-015-213R911 (at -4.318 -1.666) (layer B.SilkS) hide
      (effects (font (size 1.27 1.27) (thickness 0.254)) (justify mirror))
    )
    (fp_arc (start 0.25 4.9) (end 0.2 4.9) (angle 180) (layer B.SilkS) (width 0.2))
    (fp_arc (start 0.25 4.9) (end 0.3 4.9) (angle 180) (layer B.SilkS) (width 0.2))
    (fp_arc (start 0.25 4.9) (end 0.2 4.9) (angle 180) (layer B.SilkS) (width 0.2))
    (fp_text user %R (at -4.318 -1.666) (layer B.Fab)
      (effects (font (size 1.27 1.27) (thickness 0.254)) (justify mirror))
    )
    (fp_line (start -19.718 -8.281) (end 11.082 -8.281) (layer B.Fab) (width 0.2))
    (fp_line (start 11.082 -8.281) (end 11.082 4.319) (layer B.Fab) (width 0.2))
    (fp_line (start 11.082 4.319) (end -19.718 4.319) (layer B.Fab) (width 0.2))
    (fp_line (start -19.718 4.319) (end -19.718 -8.281) (layer B.Fab) (width 0.2))
    (fp_line (start -19.718 4.319) (end 11.082 4.319) (layer B.SilkS) (width 0.1))
    (fp_line (start 11.082 4.319) (end 11.082 -8.281) (layer B.SilkS) (width 0.1))
    (fp_line (start 11.082 -8.281) (end -19.718 -8.281) (layer B.SilkS) (width 0.1))
    (fp_line (start -19.718 -8.281) (end -19.718 4.319) (layer B.SilkS) (width 0.1))
    (fp_line (start -20.718 5.95) (end 12.082 5.95) (layer B.CrtYd) (width 0.1))
    (fp_line (start 12.082 5.95) (end 12.082 -9.281) (layer B.CrtYd) (width 0.1))
    (fp_line (start 12.082 -9.281) (end -20.718 -9.281) (layer B.CrtYd) (width 0.1))
    (fp_line (start -20.718 -9.281) (end -20.718 5.95) (layer B.CrtYd) (width 0.1))
    (fp_line (start 0.2 4.9) (end 0.2 4.9) (layer B.SilkS) (width 0.2))
    (fp_line (start 0.3 4.9) (end 0.3 4.9) (layer B.SilkS) (width 0.2))
    (fp_line (start 0.2 4.9) (end 0.2 4.9) (layer B.SilkS) (width 0.2))
    (pad MH2 thru_hole circle (at -16.815 -1.981 180) (size 4.801 4.801) (drill 3.2004) (layers *.Cu *.Mask)
      (net 2 GND))
    (pad MH1 thru_hole circle (at 8.179 -1.981 180) (size 4.801 4.801) (drill 3.2004) (layers *.Cu *.Mask)
      (net 2 GND))
    (pad 15 thru_hole circle (at -9.144 -3.962 180) (size 1.638 1.638) (drill 1.0922) (layers *.Cu *.Mask)
      (net 11 BZZOUT2))
    (pad 14 thru_hole circle (at -6.858 -3.962 180) (size 1.638 1.638) (drill 1.0922) (layers *.Cu *.Mask)
      (net 2 GND))
    (pad 13 thru_hole circle (at -4.572 -3.962 180) (size 1.638 1.638) (drill 1.0922) (layers *.Cu *.Mask)
      (net 6 DIN2))
    (pad 12 thru_hole circle (at -2.286 -3.962 180) (size 1.638 1.638) (drill 1.0922) (layers *.Cu *.Mask)
      (net 12 "Net-(J5-Pad12)"))
    (pad 11 thru_hole circle (at 0 -3.962 180) (size 1.638 1.638) (drill 1.0922) (layers *.Cu *.Mask)
      (net 4 USENS2))
    (pad 10 thru_hole circle (at -8.001 -1.981 180) (size 1.638 1.638) (drill 1.0922) (layers *.Cu *.Mask)
      (net 7 DOUT4))
    (pad 9 thru_hole circle (at -5.715 -1.981 180) (size 1.638 1.638) (drill 1.0922) (layers *.Cu *.Mask)
      (net 8 DOUT3))
    (pad 8 thru_hole circle (at -3.429 -1.981 180) (size 1.638 1.638) (drill 1.0922) (layers *.Cu *.Mask)
      (net 13 "Net-(J5-Pad8)"))
    (pad 7 thru_hole circle (at -1.143 -1.981 180) (size 1.638 1.638) (drill 1.0922) (layers *.Cu *.Mask)
      (net 14 "Net-(J5-Pad7)"))
    (pad 6 thru_hole circle (at 1.143 -1.981 180) (size 1.638 1.638) (drill 1.0922) (layers *.Cu *.Mask)
      (net 1 VIN))
    (pad 5 thru_hole circle (at -9.144 0 180) (size 1.638 1.638) (drill 1.0922) (layers *.Cu *.Mask)
      (net 2 GND))
    (pad 4 thru_hole circle (at -6.858 0 180) (size 1.638 1.638) (drill 1.0922) (layers *.Cu *.Mask)
      (net 15 EN2))
    (pad 3 thru_hole circle (at -4.572 0 180) (size 1.638 1.638) (drill 1.0922) (layers *.Cu *.Mask)
      (net 16 TXD2))
    (pad 2 thru_hole circle (at -2.286 0 180) (size 1.638 1.638) (drill 1.0922) (layers *.Cu *.Mask)
      (net 17 RXD2))
    (pad 1 thru_hole circle (at 0 0 180) (size 1.638 1.638) (drill 1.0922) (layers *.Cu *.Mask)
      (net 1 VIN))
    (model C:\Users\mbetz\Documents\privat\kicad\libraries\SamacSys_Parts.3dshapes\180-015-213R911.stp
      (at (xyz 0 0 0))
      (scale (xyz 1 1 1))
      (rotate (xyz 0 0 0))
    )
  )

  (module 180015213R911 (layer B.Cu) (tedit 0) (tstamp 602481D3)
    (at 150 69 180)
    (descr 180-015-213R911-1)
    (tags Connector)
    (path /6025C66D)
    (fp_text reference J6 (at -4.318 -1.666) (layer B.SilkS)
      (effects (font (size 1.27 1.27) (thickness 0.254)) (justify mirror))
    )
    (fp_text value 180-015-213R911 (at -4.318 -1.666) (layer B.SilkS) hide
      (effects (font (size 1.27 1.27) (thickness 0.254)) (justify mirror))
    )
    (fp_line (start 0.2 4.9) (end 0.2 4.9) (layer B.SilkS) (width 0.2))
    (fp_line (start 0.3 4.9) (end 0.3 4.9) (layer B.SilkS) (width 0.2))
    (fp_line (start 0.2 4.9) (end 0.2 4.9) (layer B.SilkS) (width 0.2))
    (fp_line (start -20.718 -9.281) (end -20.718 5.95) (layer B.CrtYd) (width 0.1))
    (fp_line (start 12.082 -9.281) (end -20.718 -9.281) (layer B.CrtYd) (width 0.1))
    (fp_line (start 12.082 5.95) (end 12.082 -9.281) (layer B.CrtYd) (width 0.1))
    (fp_line (start -20.718 5.95) (end 12.082 5.95) (layer B.CrtYd) (width 0.1))
    (fp_line (start -19.718 -8.281) (end -19.718 4.319) (layer B.SilkS) (width 0.1))
    (fp_line (start 11.082 -8.281) (end -19.718 -8.281) (layer B.SilkS) (width 0.1))
    (fp_line (start 11.082 4.319) (end 11.082 -8.281) (layer B.SilkS) (width 0.1))
    (fp_line (start -19.718 4.319) (end 11.082 4.319) (layer B.SilkS) (width 0.1))
    (fp_line (start -19.718 4.319) (end -19.718 -8.281) (layer B.Fab) (width 0.2))
    (fp_line (start 11.082 4.319) (end -19.718 4.319) (layer B.Fab) (width 0.2))
    (fp_line (start 11.082 -8.281) (end 11.082 4.319) (layer B.Fab) (width 0.2))
    (fp_line (start -19.718 -8.281) (end 11.082 -8.281) (layer B.Fab) (width 0.2))
    (fp_text user %R (at -4.318 -1.666) (layer B.Fab)
      (effects (font (size 1.27 1.27) (thickness 0.254)) (justify mirror))
    )
    (fp_arc (start 0.25 4.9) (end 0.2 4.9) (angle 180) (layer B.SilkS) (width 0.2))
    (fp_arc (start 0.25 4.9) (end 0.3 4.9) (angle 180) (layer B.SilkS) (width 0.2))
    (fp_arc (start 0.25 4.9) (end 0.2 4.9) (angle 180) (layer B.SilkS) (width 0.2))
    (pad 1 thru_hole circle (at 0 0 180) (size 1.638 1.638) (drill 1.0922) (layers *.Cu *.Mask)
      (net 1 VIN))
    (pad 2 thru_hole circle (at -2.286 0 180) (size 1.638 1.638) (drill 1.0922) (layers *.Cu *.Mask)
      (net 18 RXD1))
    (pad 3 thru_hole circle (at -4.572 0 180) (size 1.638 1.638) (drill 1.0922) (layers *.Cu *.Mask)
      (net 19 TXD1))
    (pad 4 thru_hole circle (at -6.858 0 180) (size 1.638 1.638) (drill 1.0922) (layers *.Cu *.Mask)
      (net 20 EN1))
    (pad 5 thru_hole circle (at -9.144 0 180) (size 1.638 1.638) (drill 1.0922) (layers *.Cu *.Mask)
      (net 2 GND))
    (pad 6 thru_hole circle (at 1.143 -1.981 180) (size 1.638 1.638) (drill 1.0922) (layers *.Cu *.Mask)
      (net 1 VIN))
    (pad 7 thru_hole circle (at -1.143 -1.981 180) (size 1.638 1.638) (drill 1.0922) (layers *.Cu *.Mask)
      (net 21 CANLO))
    (pad 8 thru_hole circle (at -3.429 -1.981 180) (size 1.638 1.638) (drill 1.0922) (layers *.Cu *.Mask)
      (net 22 CANHI))
    (pad 9 thru_hole circle (at -5.715 -1.981 180) (size 1.638 1.638) (drill 1.0922) (layers *.Cu *.Mask)
      (net 10 DOUT1))
    (pad 10 thru_hole circle (at -8.001 -1.981 180) (size 1.638 1.638) (drill 1.0922) (layers *.Cu *.Mask)
      (net 9 DOUT2))
    (pad 11 thru_hole circle (at 0 -3.962 180) (size 1.638 1.638) (drill 1.0922) (layers *.Cu *.Mask)
      (net 3 USENS1))
    (pad 12 thru_hole circle (at -2.286 -3.962 180) (size 1.638 1.638) (drill 1.0922) (layers *.Cu *.Mask)
      (net 23 CANTERM))
    (pad 13 thru_hole circle (at -4.572 -3.962 180) (size 1.638 1.638) (drill 1.0922) (layers *.Cu *.Mask)
      (net 5 DIN1))
    (pad 14 thru_hole circle (at -6.858 -3.962 180) (size 1.638 1.638) (drill 1.0922) (layers *.Cu *.Mask)
      (net 2 GND))
    (pad 15 thru_hole circle (at -9.144 -3.962 180) (size 1.638 1.638) (drill 1.0922) (layers *.Cu *.Mask)
      (net 24 BZZOUT1))
    (pad MH1 thru_hole circle (at 8.179 -1.981 180) (size 4.801 4.801) (drill 3.2004) (layers *.Cu *.Mask)
      (net 2 GND))
    (pad MH2 thru_hole circle (at -16.815 -1.981 180) (size 4.801 4.801) (drill 3.2004) (layers *.Cu *.Mask)
      (net 2 GND))
    (model C:\Users\mbetz\Documents\privat\kicad\libraries\SamacSys_Parts.3dshapes\180-015-213R911.stp
      (at (xyz 0 0 0))
      (scale (xyz 1 1 1))
      (rotate (xyz 0 0 0))
    )
  )

  (module 615008140421 (layer F.Cu) (tedit 0) (tstamp 602481F6)
    (at 236.105001 51.851001)
    (descr 615008140421-1)
    (tags Connector)
    (path /60262787)
    (fp_text reference J7 (at 4.232 4.524) (layer F.SilkS)
      (effects (font (size 1.27 1.27) (thickness 0.254)))
    )
    (fp_text value 615008140421 (at 4.232 4.524) (layer F.SilkS) hide
      (effects (font (size 1.27 1.27) (thickness 0.254)))
    )
    (fp_arc (start -4.605 0.024) (end -4.655 0.024) (angle -180) (layer F.SilkS) (width 0.3))
    (fp_arc (start -4.605 0.024) (end -4.555 0.024) (angle -180) (layer F.SilkS) (width 0.3))
    (fp_text user %R (at 4.232 4.524) (layer F.Fab)
      (effects (font (size 1.27 1.27) (thickness 0.254)))
    )
    (fp_line (start -3.555 -3.801) (end 12.445 -3.801) (layer F.Fab) (width 0.2))
    (fp_line (start 12.445 -3.801) (end 12.445 12.849) (layer F.Fab) (width 0.2))
    (fp_line (start 12.445 12.849) (end -3.555 12.849) (layer F.Fab) (width 0.2))
    (fp_line (start -3.555 12.849) (end -3.555 -3.801) (layer F.Fab) (width 0.2))
    (fp_line (start -5.655 -4.801) (end 14.12 -4.801) (layer F.CrtYd) (width 0.1))
    (fp_line (start 14.12 -4.801) (end 14.12 13.849) (layer F.CrtYd) (width 0.1))
    (fp_line (start 14.12 13.849) (end -5.655 13.849) (layer F.CrtYd) (width 0.1))
    (fp_line (start -5.655 13.849) (end -5.655 -4.801) (layer F.CrtYd) (width 0.1))
    (fp_line (start -3.555 1.8) (end -3.555 -3.801) (layer F.SilkS) (width 0.1))
    (fp_line (start -3.555 -3.801) (end 12.445 -3.801) (layer F.SilkS) (width 0.1))
    (fp_line (start 12.445 -3.801) (end 12.445 1.8) (layer F.SilkS) (width 0.1))
    (fp_line (start -3.555 4.3) (end -3.555 12.849) (layer F.SilkS) (width 0.1))
    (fp_line (start -3.555 12.849) (end 12.445 12.849) (layer F.SilkS) (width 0.1))
    (fp_line (start 12.445 12.849) (end 12.445 4.8) (layer F.SilkS) (width 0.1))
    (fp_line (start -4.555 0.024) (end -4.555 0.024) (layer F.SilkS) (width 0.3))
    (fp_line (start -4.655 0.024) (end -4.655 0.024) (layer F.SilkS) (width 0.3))
    (pad MH4 np_thru_hole circle (at 10.16 6.35) (size 3.17 0) (drill 3.17) (layers *.Cu *.Mask))
    (pad MH3 np_thru_hole circle (at -1.27 6.35) (size 3.17 0) (drill 3.17) (layers *.Cu *.Mask))
    (pad MH2 thru_hole circle (at 12.32 3.3) (size 2.4 2.4) (drill 1.6) (layers *.Cu *.Mask)
      (net 2 GND))
    (pad MH1 thru_hole circle (at -3.43 3.3) (size 2.4 2.4) (drill 1.6) (layers *.Cu *.Mask)
      (net 2 GND))
    (pad 8 thru_hole circle (at 8.89 -2.54) (size 1.4 1.4) (drill 0.9) (layers *.Cu *.Mask)
      (net 1 VIN))
    (pad 7 thru_hole circle (at 7.62 0) (size 1.4 1.4) (drill 0.9) (layers *.Cu *.Mask)
      (net 1 VIN))
    (pad 6 thru_hole circle (at 6.35 -2.54) (size 1.4 1.4) (drill 0.9) (layers *.Cu *.Mask)
      (net 25 "Net-(J7-Pad6)"))
    (pad 5 thru_hole circle (at 5.08 0) (size 1.4 1.4) (drill 0.9) (layers *.Cu *.Mask)
      (net 26 "Net-(J7-Pad5)"))
    (pad 4 thru_hole circle (at 3.81 -2.54) (size 1.4 1.4) (drill 0.9) (layers *.Cu *.Mask)
      (net 18 RXD1))
    (pad 3 thru_hole circle (at 2.54 0) (size 1.4 1.4) (drill 0.9) (layers *.Cu *.Mask)
      (net 19 TXD1))
    (pad 2 thru_hole circle (at 1.27 -2.54) (size 1.4 1.4) (drill 0.9) (layers *.Cu *.Mask)
      (net 2 GND))
    (pad 1 thru_hole circle (at 0 0) (size 1.4 1.4) (drill 0.9) (layers *.Cu *.Mask)
      (net 2 GND))
    (model C:\Users\mbetz\Documents\privat\kicad\libraries\SamacSys_Parts.3dshapes\615008140421.stp
      (at (xyz 0 0 0))
      (scale (xyz 1 1 1))
      (rotate (xyz 0 0 0))
    )
  )

  (module TerminalBlock_TE-Connectivity:TerminalBlock_TE_282834-6_1x06_P2.54mm_Horizontal (layer F.Cu) (tedit 5B1EC513) (tstamp 60248226)
    (at 247.775001 131.775001)
    (descr "Terminal Block TE 282834-6, 6 pins, pitch 2.54mm, size 15.7x6.5mm^2, drill diamater 1.1mm, pad diameter 2.1mm, see http://www.te.com/commerce/DocumentDelivery/DDEController?Action=showdoc&DocId=Customer+Drawing%7F282834%7FC1%7Fpdf%7FEnglish%7FENG_CD_282834_C1.pdf, script-generated using https://github.com/pointhi/kicad-footprint-generator/scripts/TerminalBlock_TE-Connectivity")
    (tags "THT Terminal Block TE 282834-6 pitch 2.54mm size 15.7x6.5mm^2 drill 1.1mm pad 2.1mm")
    (path /60182996)
    (fp_text reference J8 (at 6.35 -4.37) (layer F.SilkS)
      (effects (font (size 1 1) (thickness 0.15)))
    )
    (fp_text value Screw_Terminal_01x06 (at 6.35 4.37) (layer F.Fab)
      (effects (font (size 1 1) (thickness 0.15)))
    )
    (fp_line (start 14.7 -3.75) (end -2 -3.75) (layer F.CrtYd) (width 0.05))
    (fp_line (start 14.7 3.75) (end 14.7 -3.75) (layer F.CrtYd) (width 0.05))
    (fp_line (start -2 3.75) (end 14.7 3.75) (layer F.CrtYd) (width 0.05))
    (fp_line (start -2 -3.75) (end -2 3.75) (layer F.CrtYd) (width 0.05))
    (fp_line (start -1.86 3.61) (end -1.46 3.61) (layer F.SilkS) (width 0.12))
    (fp_line (start -1.86 2.97) (end -1.86 3.61) (layer F.SilkS) (width 0.12))
    (fp_line (start 13.401 -0.835) (end 11.866 0.7) (layer F.Fab) (width 0.1))
    (fp_line (start 13.535 -0.7) (end 12 0.835) (layer F.Fab) (width 0.1))
    (fp_line (start 10.861 -0.835) (end 9.326 0.7) (layer F.Fab) (width 0.1))
    (fp_line (start 10.995 -0.7) (end 9.46 0.835) (layer F.Fab) (width 0.1))
    (fp_line (start 8.321 -0.835) (end 6.786 0.7) (layer F.Fab) (width 0.1))
    (fp_line (start 8.455 -0.7) (end 6.92 0.835) (layer F.Fab) (width 0.1))
    (fp_line (start 5.781 -0.835) (end 4.246 0.7) (layer F.Fab) (width 0.1))
    (fp_line (start 5.915 -0.7) (end 4.38 0.835) (layer F.Fab) (width 0.1))
    (fp_line (start 3.241 -0.835) (end 1.706 0.7) (layer F.Fab) (width 0.1))
    (fp_line (start 3.375 -0.7) (end 1.84 0.835) (layer F.Fab) (width 0.1))
    (fp_line (start 0.701 -0.835) (end -0.835 0.7) (layer F.Fab) (width 0.1))
    (fp_line (start 0.835 -0.7) (end -0.701 0.835) (layer F.Fab) (width 0.1))
    (fp_line (start 14.32 -3.37) (end 14.32 3.37) (layer F.SilkS) (width 0.12))
    (fp_line (start -1.62 -3.37) (end -1.62 3.37) (layer F.SilkS) (width 0.12))
    (fp_line (start -1.62 3.37) (end 14.32 3.37) (layer F.SilkS) (width 0.12))
    (fp_line (start -1.62 -3.37) (end 14.32 -3.37) (layer F.SilkS) (width 0.12))
    (fp_line (start -1.62 -2.25) (end 14.32 -2.25) (layer F.SilkS) (width 0.12))
    (fp_line (start -1.5 -2.25) (end 14.2 -2.25) (layer F.Fab) (width 0.1))
    (fp_line (start -1.62 2.85) (end 14.32 2.85) (layer F.SilkS) (width 0.12))
    (fp_line (start -1.5 2.85) (end 14.2 2.85) (layer F.Fab) (width 0.1))
    (fp_line (start -1.5 2.85) (end -1.5 -3.25) (layer F.Fab) (width 0.1))
    (fp_line (start -1.1 3.25) (end -1.5 2.85) (layer F.Fab) (width 0.1))
    (fp_line (start 14.2 3.25) (end -1.1 3.25) (layer F.Fab) (width 0.1))
    (fp_line (start 14.2 -3.25) (end 14.2 3.25) (layer F.Fab) (width 0.1))
    (fp_line (start -1.5 -3.25) (end 14.2 -3.25) (layer F.Fab) (width 0.1))
    (fp_circle (center 12.7 0) (end 13.8 0) (layer F.Fab) (width 0.1))
    (fp_circle (center 10.16 0) (end 11.26 0) (layer F.Fab) (width 0.1))
    (fp_circle (center 7.62 0) (end 8.72 0) (layer F.Fab) (width 0.1))
    (fp_circle (center 5.08 0) (end 6.18 0) (layer F.Fab) (width 0.1))
    (fp_circle (center 2.54 0) (end 3.64 0) (layer F.Fab) (width 0.1))
    (fp_circle (center 0 0) (end 1.1 0) (layer F.Fab) (width 0.1))
    (fp_text user %R (at 6.35 2) (layer F.Fab)
      (effects (font (size 1 1) (thickness 0.15)))
    )
    (pad 1 thru_hole rect (at 0 0) (size 2.1 2.1) (drill 1.1) (layers *.Cu *.Mask)
      (net 1 VIN))
    (pad 2 thru_hole circle (at 2.54 0) (size 2.1 2.1) (drill 1.1) (layers *.Cu *.Mask)
      (net 20 EN1))
    (pad 3 thru_hole circle (at 5.08 0) (size 2.1 2.1) (drill 1.1) (layers *.Cu *.Mask)
      (net 15 EN2))
    (pad 4 thru_hole circle (at 7.62 0) (size 2.1 2.1) (drill 1.1) (layers *.Cu *.Mask)
      (net 24 BZZOUT1))
    (pad 5 thru_hole circle (at 10.16 0) (size 2.1 2.1) (drill 1.1) (layers *.Cu *.Mask)
      (net 11 BZZOUT2))
    (pad 6 thru_hole circle (at 12.7 0) (size 2.1 2.1) (drill 1.1) (layers *.Cu *.Mask)
      (net 2 GND))
    (model ${KISYS3DMOD}/TerminalBlock_TE-Connectivity.3dshapes/TerminalBlock_TE_282834-6_1x06_P2.54mm_Horizontal.wrl
      (at (xyz 0 0 0))
      (scale (xyz 1 1 1))
      (rotate (xyz 0 0 0))
    )
  )

  (module 615008140421 (layer F.Cu) (tedit 0) (tstamp 60248249)
    (at 231.25 80.75)
    (descr 615008140421-1)
    (tags Connector)
    (path /6024CC08)
    (fp_text reference J9 (at 4.232 4.524) (layer F.SilkS)
      (effects (font (size 1.27 1.27) (thickness 0.254)))
    )
    (fp_text value 615008140421 (at 4.232 4.524) (layer F.SilkS) hide
      (effects (font (size 1.27 1.27) (thickness 0.254)))
    )
    (fp_arc (start -4.605 0.024) (end -4.655 0.024) (angle -180) (layer F.SilkS) (width 0.3))
    (fp_arc (start -4.605 0.024) (end -4.555 0.024) (angle -180) (layer F.SilkS) (width 0.3))
    (fp_text user %R (at 4.232 4.524) (layer F.Fab)
      (effects (font (size 1.27 1.27) (thickness 0.254)))
    )
    (fp_line (start -3.555 -3.801) (end 12.445 -3.801) (layer F.Fab) (width 0.2))
    (fp_line (start 12.445 -3.801) (end 12.445 12.849) (layer F.Fab) (width 0.2))
    (fp_line (start 12.445 12.849) (end -3.555 12.849) (layer F.Fab) (width 0.2))
    (fp_line (start -3.555 12.849) (end -3.555 -3.801) (layer F.Fab) (width 0.2))
    (fp_line (start -5.655 -4.801) (end 14.12 -4.801) (layer F.CrtYd) (width 0.1))
    (fp_line (start 14.12 -4.801) (end 14.12 13.849) (layer F.CrtYd) (width 0.1))
    (fp_line (start 14.12 13.849) (end -5.655 13.849) (layer F.CrtYd) (width 0.1))
    (fp_line (start -5.655 13.849) (end -5.655 -4.801) (layer F.CrtYd) (width 0.1))
    (fp_line (start -3.555 1.8) (end -3.555 -3.801) (layer F.SilkS) (width 0.1))
    (fp_line (start -3.555 -3.801) (end 12.445 -3.801) (layer F.SilkS) (width 0.1))
    (fp_line (start 12.445 -3.801) (end 12.445 1.8) (layer F.SilkS) (width 0.1))
    (fp_line (start -3.555 4.3) (end -3.555 12.849) (layer F.SilkS) (width 0.1))
    (fp_line (start -3.555 12.849) (end 12.445 12.849) (layer F.SilkS) (width 0.1))
    (fp_line (start 12.445 12.849) (end 12.445 4.8) (layer F.SilkS) (width 0.1))
    (fp_line (start -4.555 0.024) (end -4.555 0.024) (layer F.SilkS) (width 0.3))
    (fp_line (start -4.655 0.024) (end -4.655 0.024) (layer F.SilkS) (width 0.3))
    (pad MH4 np_thru_hole circle (at 10.16 6.35) (size 3.17 0) (drill 3.17) (layers *.Cu *.Mask))
    (pad MH3 np_thru_hole circle (at -1.27 6.35) (size 3.17 0) (drill 3.17) (layers *.Cu *.Mask))
    (pad MH2 thru_hole circle (at 12.32 3.3) (size 2.4 2.4) (drill 1.6) (layers *.Cu *.Mask)
      (net 2 GND))
    (pad MH1 thru_hole circle (at -3.43 3.3) (size 2.4 2.4) (drill 1.6) (layers *.Cu *.Mask)
      (net 2 GND))
    (pad 8 thru_hole circle (at 8.89 -2.54) (size 1.4 1.4) (drill 0.9) (layers *.Cu *.Mask)
      (net 1 VIN))
    (pad 7 thru_hole circle (at 7.62 0) (size 1.4 1.4) (drill 0.9) (layers *.Cu *.Mask)
      (net 1 VIN))
    (pad 6 thru_hole circle (at 6.35 -2.54) (size 1.4 1.4) (drill 0.9) (layers *.Cu *.Mask)
      (net 27 "Net-(J9-Pad6)"))
    (pad 5 thru_hole circle (at 5.08 0) (size 1.4 1.4) (drill 0.9) (layers *.Cu *.Mask)
      (net 2 GND))
    (pad 4 thru_hole circle (at 3.81 -2.54) (size 1.4 1.4) (drill 0.9) (layers *.Cu *.Mask)
      (net 21 CANLO))
    (pad 3 thru_hole circle (at 2.54 0) (size 1.4 1.4) (drill 0.9) (layers *.Cu *.Mask)
      (net 22 CANHI))
    (pad 2 thru_hole circle (at 1.27 -2.54) (size 1.4 1.4) (drill 0.9) (layers *.Cu *.Mask)
      (net 2 GND))
    (pad 1 thru_hole circle (at 0 0) (size 1.4 1.4) (drill 0.9) (layers *.Cu *.Mask)
      (net 2 GND))
    (model C:\Users\mbetz\Documents\privat\kicad\libraries\SamacSys_Parts.3dshapes\615008140421.stp
      (at (xyz 0 0 0))
      (scale (xyz 1 1 1))
      (rotate (xyz 0 0 0))
    )
  )

  (module 615008140421 (layer F.Cu) (tedit 0) (tstamp 6024826C)
    (at 256.975001 51.851001)
    (descr 615008140421-1)
    (tags Connector)
    (path /60258656)
    (fp_text reference J10 (at 4.232 4.524) (layer F.SilkS)
      (effects (font (size 1.27 1.27) (thickness 0.254)))
    )
    (fp_text value 615008140421 (at 4.232 4.524) (layer F.SilkS) hide
      (effects (font (size 1.27 1.27) (thickness 0.254)))
    )
    (fp_line (start -4.655 0.024) (end -4.655 0.024) (layer F.SilkS) (width 0.3))
    (fp_line (start -4.555 0.024) (end -4.555 0.024) (layer F.SilkS) (width 0.3))
    (fp_line (start 12.445 12.849) (end 12.445 4.8) (layer F.SilkS) (width 0.1))
    (fp_line (start -3.555 12.849) (end 12.445 12.849) (layer F.SilkS) (width 0.1))
    (fp_line (start -3.555 4.3) (end -3.555 12.849) (layer F.SilkS) (width 0.1))
    (fp_line (start 12.445 -3.801) (end 12.445 1.8) (layer F.SilkS) (width 0.1))
    (fp_line (start -3.555 -3.801) (end 12.445 -3.801) (layer F.SilkS) (width 0.1))
    (fp_line (start -3.555 1.8) (end -3.555 -3.801) (layer F.SilkS) (width 0.1))
    (fp_line (start -5.655 13.849) (end -5.655 -4.801) (layer F.CrtYd) (width 0.1))
    (fp_line (start 14.12 13.849) (end -5.655 13.849) (layer F.CrtYd) (width 0.1))
    (fp_line (start 14.12 -4.801) (end 14.12 13.849) (layer F.CrtYd) (width 0.1))
    (fp_line (start -5.655 -4.801) (end 14.12 -4.801) (layer F.CrtYd) (width 0.1))
    (fp_line (start -3.555 12.849) (end -3.555 -3.801) (layer F.Fab) (width 0.2))
    (fp_line (start 12.445 12.849) (end -3.555 12.849) (layer F.Fab) (width 0.2))
    (fp_line (start 12.445 -3.801) (end 12.445 12.849) (layer F.Fab) (width 0.2))
    (fp_line (start -3.555 -3.801) (end 12.445 -3.801) (layer F.Fab) (width 0.2))
    (fp_text user %R (at 4.232 4.524) (layer F.Fab)
      (effects (font (size 1.27 1.27) (thickness 0.254)))
    )
    (fp_arc (start -4.605 0.024) (end -4.555 0.024) (angle -180) (layer F.SilkS) (width 0.3))
    (fp_arc (start -4.605 0.024) (end -4.655 0.024) (angle -180) (layer F.SilkS) (width 0.3))
    (pad 1 thru_hole circle (at 0 0) (size 1.4 1.4) (drill 0.9) (layers *.Cu *.Mask)
      (net 2 GND))
    (pad 2 thru_hole circle (at 1.27 -2.54) (size 1.4 1.4) (drill 0.9) (layers *.Cu *.Mask)
      (net 2 GND))
    (pad 3 thru_hole circle (at 2.54 0) (size 1.4 1.4) (drill 0.9) (layers *.Cu *.Mask)
      (net 16 TXD2))
    (pad 4 thru_hole circle (at 3.81 -2.54) (size 1.4 1.4) (drill 0.9) (layers *.Cu *.Mask)
      (net 17 RXD2))
    (pad 5 thru_hole circle (at 5.08 0) (size 1.4 1.4) (drill 0.9) (layers *.Cu *.Mask)
      (net 28 "Net-(J10-Pad5)"))
    (pad 6 thru_hole circle (at 6.35 -2.54) (size 1.4 1.4) (drill 0.9) (layers *.Cu *.Mask)
      (net 29 "Net-(J10-Pad6)"))
    (pad 7 thru_hole circle (at 7.62 0) (size 1.4 1.4) (drill 0.9) (layers *.Cu *.Mask)
      (net 1 VIN))
    (pad 8 thru_hole circle (at 8.89 -2.54) (size 1.4 1.4) (drill 0.9) (layers *.Cu *.Mask)
      (net 1 VIN))
    (pad MH1 thru_hole circle (at -3.43 3.3) (size 2.4 2.4) (drill 1.6) (layers *.Cu *.Mask)
      (net 2 GND))
    (pad MH2 thru_hole circle (at 12.32 3.3) (size 2.4 2.4) (drill 1.6) (layers *.Cu *.Mask)
      (net 2 GND))
